3
32
324
3245
32456
324561
3245611
32456114
324561145
3245611457
32456114571
324561145712
3245611457125
32456114571254
324561145712547
3245611457125471
32456114571254711
324561145712547116
3245611457125471165
32456114571254711654
324561145712547116542
324561145712547116547
3245611457125471165471
32456114571254711654711
324561145712547116547116
3245611457125471165471165
32456114571254711654711654
32456114571254711654716
324561145712547116547161
3245611457125471165471612
324561145712547116547164
32456114571254711654717
324561145712547116547172
3245611457125471165471725
32456114571254711654717255
324561145712547116547174
3245611457125471165471745
32456114571254711654718
324561145712547116547185
3245611457125471165478
32456114571254711654781
324561145712547116547814
3245611457125471165478141
32456114571254711654781416
324561145712547116547814165
3245611457125471165478141654
3245611457125471165478146
32456114571254711654781461
324561145712547116547814612
32456114571254711654781464
3245611457125471165478147
32456114571254711654781472
324561145712547116547814725
3245611457125471165478147255
32456114571254711654781474
324561145712547116547814745
32456114571254711655
324561145712547116558
3245611457125471165581
32456114571254711655812
324561145712547116558125
3245611457125471165581255
32456114571254711655812553
324561145712547116558125532
32456114571254711655812558
324561145712547116558125581
3245611457125471165581257
32456114571254711655812572
324561145712547116558125725
3245611457125471165581257255
32456114571254711655812574
324561145712547116558125745
3245611457125471165581258
32456114571254711655812585
324561145712547116558125854
3245611457125471165581258543
32456114571254711655812585432
3245611457125471165582
32456114571254711655821
324561145712547116558216
32456114571254711655825
324561145712547116558253
3245611457125471165582532
324561145712547116558258
3245611457125471165582581
32456114571254711655827
324561145712547116558272
3245611457125471165582725
32456114571254711655827255
324561145712547116558274
3245611457125471165582745
32456114571254711655828
324561145712547116558285
3245611457125471165582854
32456114571254711655828543
324561145712547116558285432
32456114571254711656
324561145712547116561
3245611457125471165611
32456114571254711656116
324561145712547116561163
3245611457125471165611631
32456114571254711656116316
324561145712547116561163165
3245611457125471165611631654
3245611457125471165611635
32456114571254711656116353
324561145712547116561163532
32456114571254711656116358
324561145712547116561163581
3245611457125471165611636
32456114571254711656116361
324561145712547116561163612
32456114571254711656116364
3245611457125471165611638
32456114571254711656116385
324561145712547116561163854
3245611457125471165611638543
32456114571254711656116385432
324561145712547116561164
3245611457125471165611645
32456114571254711657
324561145712547116571
3245611457125471165714
32456114571254711657141
324561145712547116571416
3245611457125471165714165
32456114571254711657141654
32456114571254711657145
324561145712547116571453
3245611457125471165714532
32456114571254711657146
324561145712547116571461
3245611457125471165714612
324561145712547116571464
32456114571254711657147
324561145712547116571472
3245611457125471165714725
32456114571254711657147255
324561145712547116571474
3245611457125471165714745
324561145712547116574
3245611457125471165741
32456114571254711657411
324561145712547116574116
3245611457125471165741165
32456114571254711657411654
32456114571254711657416
324561145712547116574161
3245611457125471165741612
324561145712547116574164
32456114571254711657417
324561145712547116574172
3245611457125471165741725
32456114571254711657417255
324561145712547116574174
3245611457125471165741745
32456114571254711657418
3245611457125471165743
32456114571254711657432
32456114571254711658
324561145712547116582
3245611457125471165825
32456114571254711658255
324561145712547116582553
3245611457125471165825532
324561145712547116582558
3245611457125471165825581
32456114571254711658256
324561145712547116582564
32456114571254711658257
324561145712547116582572
3245611457125471165825725
32456114571254711658257255
324561145712547116582574
3245611457125471165825745
32456114571254711658258
324561145712547116582585
3245611457125471165825854
32456114571254711658258543
324561145712547116582585432
324561145712547116585
3245611457125471165852
32456114571254711658521
32456114571254711658525
324561145712547116585253
3245611457125471165852532
324561145712547116585258
3245611457125471165852581
32456114571254711658527
324561145712547116585272
3245611457125471165852725
32456114571254711658527255
324561145712547116585274
3245611457125471165852745
32456114571254711658528
324561145712547116585285
3245611457125471165852854
32456114571254711658528543
324561145712547116585285432
3245611457125471165854
3245611457125471166
32456114571254711661
324561145712547116616
3245611457125471166163
32456114571254711661631
324561145712547116616316
3245611457125471166163164
32456114571254711661631644
324561145712547116616316442
324561145712547116616316447
3245611457125471166163164478
32456114571254711661631644781
32456114571254711661631645
324561145712547116616316458
32456114571254711661631646
32456114571254711661631647
324561145712547116616316471
324561145712547116616316474
3245611457125471166163164743
32456114571254711661631647432
3245611457125471166163165
32456114571254711661631654
324561145712547116616316541
3245611457125471166163165414
32456114571254711661631654142
32456114571254711661631654147
324561145712547116616316541478
3245611457125471166163165414781
3245611457125471166163165416
3245611457125471166163165417
32456114571254711661631654171
32456114571254711661631654174
324561145712547116616316541743
3245611457125471166163165417432
32456114571254711661635
324561145712547116616353
3245611457125471166163532
3245611457125471166163538
32456114571254711661635385
324561145712547116616353858
3245611457125471166163538581
32456114571254711661635385812
32456114571254711661635386
32456114571254711661635387
324561145712547116616353871
32456114571254711661635388
324561145712547116616353882
324561145712547116616353885
3245611457125471166163538854
324561145712547116616358
3245611457125471166163581
3245611457125471166163583
32456114571254711661635834
324561145712547116616358342
32456114571254711661635835
324561145712547116616358358
3245611457125471166163583581
32456114571254711661635835812
32456114571254711661635836
32456114571254711661635838
324561145712547116616358382
324561145712547116616358385
3245611457125471166163583854
32456114571254711661636
324561145712547116616361
3245611457125471166163612
3245611457125471166163614
32456114571254711661636144
324561145712547116616361442
324561145712547116616361447
3245611457125471166163614478
32456114571254711661636144781
32456114571254711661636145
32456114571254711661636146
32456114571254711661636147
324561145712547116616361471
324561145712547116616361474
3245611457125471166163614743
32456114571254711661636147432
324561145712547116616364
3245611457125471166163641
32456114571254711661636414
324561145712547116616364142
324561145712547116616364147
3245611457125471166163641478
32456114571254711661636414781
32456114571254711661636416
32456114571254711661636417
324561145712547116616364171
324561145712547116616364174
3245611457125471166163641743
32456114571254711661636417432
32456114571254711661636418
324561145712547116616364182
32456114571254711661638
324561145712547116616385
3245611457125471166163853
32456114571254711661638534
324561145712547116616385342
324561145712547116616385347
32456114571254711661638535
324561145712547116616385358
3245611457125471166163853581
32456114571254711661638535812
32456114571254711661638536
32456114571254711661638538
324561145712547116616385382
324561145712547116616385385
3245611457125471166163853854
3245611457125471166163854
32456114571254711661638543
324561145712547116616385432
324561145712547116616385438
3245611457125471166163854385
32456114571254711661638543858
324561145712547116616385438581
3245611457125471166163854385812
3245611457125471166163854386
3245611457125471166163854388
32456114571254711661638543882
32456114571254711661638543885
324561145712547116616385438854
3245611457125471166164
32456114571254711661645
32456114571254711665
324561145712547116652
3245611457125471166524
32456114571254711665242
32456114571254711665247
324561145712547116652471
3245611457125471166524711
32456114571254711665247116
324561145712547116652471165
3245611457125471166524711654
3245611457125471166524716
32456114571254711665247161
324561145712547116652471612
32456114571254711665247164
3245611457125471166524717
32456114571254711665247172
32456114571254711665247174
324561145712547116652471745
3245611457125471166524718
32456114571254711665247185
324561145712547116652478
3245611457125471166524781
32456114571254711665247814
324561145712547116652478141
3245611457125471166524781416
32456114571254711665247814165
324561145712547116652478141654
324561145712547116652478146
3245611457125471166524781461
32456114571254711665247814612
3245611457125471166524781464
324561145712547116652478147
3245611457125471166524781472
3245611457125471166524781474
32456114571254711665247814745
3245611457125471166525
32456114571254711665258
324561145712547116652581
3245611457125471166525812
32456114571254711665258125
324561145712547116652581255
3245611457125471166525812553
32456114571254711665258125532
3245611457125471166525812558
32456114571254711665258125581
324561145712547116652581257
3245611457125471166525812572
3245611457125471166525812574
32456114571254711665258125745
324561145712547116652581258
3245611457125471166525812585
32456114571254711665258125854
324561145712547116652581258543
3245611457125471166525812585432
324561145712547116652582
3245611457125471166525821
32456114571254711665258216
3245611457125471166525825
32456114571254711665258253
324561145712547116652582532
32456114571254711665258258
324561145712547116652582581
3245611457125471166525827
32456114571254711665258272
32456114571254711665258274
324561145712547116652582745
3245611457125471166525828
32456114571254711665258285
324561145712547116652582854
3245611457125471166525828543
32456114571254711665258285432
3245611457125471166527
32456114571254711665271
324561145712547116652714
3245611457125471166527141
32456114571254711665271416
324561145712547116652714165
3245611457125471166527141654
3245611457125471166527145
32456114571254711665271453
324561145712547116652714532
3245611457125471166527146
32456114571254711665271461
324561145712547116652714612
32456114571254711665271464
3245611457125471166527147
32456114571254711665271472
32456114571254711665271474
324561145712547116652714745
32456114571254711665274
324561145712547116652741
3245611457125471166527411
32456114571254711665274116
324561145712547116652741165
3245611457125471166527411654
3245611457125471166527416
32456114571254711665274161
324561145712547116652741612
32456114571254711665274164
3245611457125471166527417
32456114571254711665274172
32456114571254711665274174
324561145712547116652741745
3245611457125471166527418
324561145712547116652743
3245611457125471166527432
3245611457125471166528
32456114571254711665282
324561145712547116652825
3245611457125471166528255
32456114571254711665282553
324561145712547116652825532
32456114571254711665282558
324561145712547116652825581
3245611457125471166528256
32456114571254711665282564
3245611457125471166528257
32456114571254711665282572
32456114571254711665282574
324561145712547116652825745
3245611457125471166528258
32456114571254711665282585
324561145712547116652825854
3245611457125471166528258543
32456114571254711665282585432
32456114571254711665285
324561145712547116652852
3245611457125471166528521
3245611457125471166528525
32456114571254711665285253
324561145712547116652852532
32456114571254711665285258
324561145712547116652852581
3245611457125471166528527
32456114571254711665285272
32456114571254711665285274
324561145712547116652852745
3245611457125471166528528
32456114571254711665285285
324561145712547116652852854
3245611457125471166528528543
32456114571254711665285285432
324561145712547116652854
3245611457125471167
32456114571254711674
324561145712547116741
3245611457125471167416
32456114571254711674164
324561145712547116741644
3245611457125471167416442
3245611457125471167416447
32456114571254711674164478
324561145712547116741645
3245611457125471167416458
324561145712547116741646
3245611457125471167416461
32456114571254711674164611
324561145712547116741646116
3245611457125471167416461164
32456114571254711674164611645
324561145712547116741647
3245611457125471167416474
32456114571254711674164743
324561145712547116741647432
32456114571254711674165
324561145712547116741654
3245611457125471167416541
32456114571254711674165414
324561145712547116741654142
324561145712547116741654147
3245611457125471167416541478
32456114571254711674165416
324561145712547116741654161
3245611457125471167416541611
32456114571254711674165416116
324561145712547116741654161164
3245611457125471167416541611645
32456114571254711674165417
324561145712547116741654174
3245611457125471167416541743
32456114571254711674165417432
324561145712547116745
3245611457125471167453
32456114571254711674532
32456114571254711674538
324561145712547116745385
3245611457125471167453858
32456114571254711674538581
324561145712547116745385812
324561145712547116745386
3245611457125471167453861
32456114571254711674538611
324561145712547116745386116
3245611457125471167453861164
32456114571254711674538611645
324561145712547116745387
324561145712547116745388
3245611457125471167453882
3245611457125471167453885
32456114571254711674538854
3245611457125471167458
32456114571254711674583
324561145712547116745834
3245611457125471167458342
324561145712547116745835
3245611457125471167458358
32456114571254711674583581
324561145712547116745835812
324561145712547116745836
3245611457125471167458361
32456114571254711674583611
324561145712547116745836116
3245611457125471167458361164
32456114571254711674583611645
324561145712547116745838
3245611457125471167458382
3245611457125471167458385
32456114571254711674583854
324561145712547116746
3245611457125471167461
32456114571254711674612
32456114571254711674614
324561145712547116746144
3245611457125471167461442
3245611457125471167461447
32456114571254711674614478
324561145712547116746145
324561145712547116746146
3245611457125471167461461
32456114571254711674614611
324561145712547116746146116
3245611457125471167461461164
32456114571254711674614611645
324561145712547116746147
3245611457125471167461474
32456114571254711674614743
324561145712547116746147432
3245611457125471167464
32456114571254711674641
324561145712547116746414
3245611457125471167464142
3245611457125471167464147
32456114571254711674641478
324561145712547116746416
3245611457125471167464161
32456114571254711674641611
324561145712547116746416116
3245611457125471167464161164
32456114571254711674641611645
324561145712547116746417
3245611457125471167464174
32456114571254711674641743
324561145712547116746417432
324561145712547116746418
3245611457125471167464182
324561145712547116747
3245611457125471167472
32456114571254711674725
324561145712547116747255
3245611457125471167472552
32456114571254711674725524
324561145712547116747255242
324561145712547116747255247
3245611457125471167472552478
32456114571254711674725525
324561145712547116747255258
3245611457125471167472552581
32456114571254711674725525812
32456114571254711674725527
324561145712547116747255274
3245611457125471167472552743
32456114571254711674725527432
32456114571254711674725528
324561145712547116747255282
324561145712547116747255285
3245611457125471167472552854
3245611457125471167474
32456114571254711674745
32456114571254711675
324561145712547116753
3245611457125471167534
32456114571254711675342
32456114571254711675347
324561145712547116753471
3245611457125471167534711
32456114571254711675347116
324561145712547116753471165
3245611457125471167534711654
3245611457125471167534716
32456114571254711675347161
324561145712547116753471612
32456114571254711675347164
3245611457125471167534717
32456114571254711675347172
324561145712547116753471725
3245611457125471167534717255
32456114571254711675347174
324561145712547116753471745
3245611457125471167535
32456114571254711675358
324561145712547116753581
3245611457125471167535812
32456114571254711675358125
324561145712547116753581255
3245611457125471167535812553
32456114571254711675358125532
324561145712547116753581257
3245611457125471167535812572
32456114571254711675358125725
324561145712547116753581257255
3245611457125471167535812574
32456114571254711675358125745
324561145712547116753582
3245611457125471167535821
32456114571254711675358216
3245611457125471167535825
32456114571254711675358253
324561145712547116753582532
3245611457125471167535827
32456114571254711675358272
324561145712547116753582725
3245611457125471167535827255
32456114571254711675358274
324561145712547116753582745
3245611457125471167536
32456114571254711675361
324561145712547116753611
3245611457125471167536116
32456114571254711675361163
324561145712547116753611631
3245611457125471167536116316
32456114571254711675361163165
324561145712547116753611631654
324561145712547116753611635
3245611457125471167536116353
32456114571254711675361163532
324561145712547116753611636
3245611457125471167536116361
32456114571254711675361163612
3245611457125471167536116364
32456114571254711675361164
324561145712547116753611645
3245611457125471167538
32456114571254711675382
324561145712547116753825
3245611457125471167538255
32456114571254711675382553
324561145712547116753825532
3245611457125471167538256
32456114571254711675382564
3245611457125471167538257
32456114571254711675382572
324561145712547116753825725
3245611457125471167538257255
32456114571254711675382574
324561145712547116753825745
32456114571254711675385
324561145712547116753852
3245611457125471167538521
3245611457125471167538525
32456114571254711675385253
324561145712547116753852532
3245611457125471167538527
32456114571254711675385272
324561145712547116753852725
3245611457125471167538527255
32456114571254711675385274
324561145712547116753852745
324561145712547116753854
324561145712547116754
3245611457125471167541
32456114571254711675411
324561145712547116754116
3245611457125471167541164
32456114571254711675411644
324561145712547116754116442
32456114571254711675411645
324561145712547116754116458
32456114571254711675411646
324561145712547116754116461
3245611457125471167541164611
32456114571254711675411646116
324561145712547116754116461164
3245611457125471167541164611645
3245611457125471167541165
32456114571254711675411654
324561145712547116754116541
3245611457125471167541165414
32456114571254711675411654142
3245611457125471167541165416
32456114571254711675411654161
324561145712547116754116541611
3245611457125471167541165416116
32456114571254711675411654161164
324561145712547116754116541611645
32456114571254711675416
324561145712547116754161
3245611457125471167541612
3245611457125471167541614
32456114571254711675416144
324561145712547116754161442
32456114571254711675416145
32456114571254711675416146
324561145712547116754161461
3245611457125471167541614611
32456114571254711675416146116
324561145712547116754161461164
3245611457125471167541614611645
324561145712547116754164
3245611457125471167541641
32456114571254711675416414
324561145712547116754164142
32456114571254711675416416
324561145712547116754164161
3245611457125471167541641611
32456114571254711675416416116
324561145712547116754164161164
3245611457125471167541641611645
32456114571254711675416418
324561145712547116754164182
32456114571254711675417
324561145712547116754172
3245611457125471167541725
32456114571254711675417255
324561145712547116754172552
3245611457125471167541725524
32456114571254711675417255242
3245611457125471167541725525
32456114571254711675417255258
324561145712547116754172552581
3245611457125471167541725525812
3245611457125471167541725528
32456114571254711675417255282
32456114571254711675417255285
324561145712547116754172552854
324561145712547116754174
3245611457125471167541745
3245611457125471167543
32456114571254711675432
32456114571254711675438
324561145712547116754385
3245611457125471167543858
32456114571254711675438581
324561145712547116754385812
3245611457125471167543858125
32456114571254711675438581257
324561145712547116754385812572
3245611457125471167543858125725
32456114571254711675438581257255
324561145712547116754385812574
3245611457125471167543858125745
32456114571254711675438582
324561145712547116754385821
3245611457125471167543858216
324561145712547116754385827
3245611457125471167543858272
32456114571254711675438582725
324561145712547116754385827255
3245611457125471167543858274
32456114571254711675438582745
324561145712547116754386
3245611457125471167543861
32456114571254711675438611
324561145712547116754386116
3245611457125471167543861163
32456114571254711675438611631
324561145712547116754386116316
3245611457125471167543861163165
32456114571254711675438611631654
32456114571254711675438611636
324561145712547116754386116361
3245611457125471167543861163612
324561145712547116754386116364
3245611457125471167543861164
32456114571254711675438611645
324561145712547116754388
3245611457125471167543882
32456114571254711675438825
324561145712547116754388256
3245611457125471167543882564
324561145712547116754388257
3245611457125471167543882572
32456114571254711675438825725
324561145712547116754388257255
3245611457125471167543882574
32456114571254711675438825745
3245611457125471167543885
32456114571254711675438852
324561145712547116754388521
324561145712547116754388527
3245611457125471167543885272
32456114571254711675438852725
324561145712547116754388527255
3245611457125471167543885274
32456114571254711675438852745
32456114571254711675438854
32456114571254714
324561145712547146
3245611457125471467
32456114571254714671
324561145712547146711
3245611457125471467116
32456114571254714671164
324561145712547146711641
3245611457125471467116412
3245611457125471467116416
32456114571254714671164161
324561145712547146711641616
3245611457125471467116416164
32456114571254714671164161645
32456114571254714671164165
3245611457125471467116417
32456114571254714671164175
324561145712547146711645
3245611457125471467116458
324561145712547146711646
3245611457125471467116461
32456114571254714671164611
324561145712547146711646116
3245611457125471467116461164
32456114571254714671164611645
32456114571254714671164612
324561145712547146711646122
324561145712547146711646127
3245611457125471467116461275
324561145712547146711647
3245611457125471467116471
32456114571254714671164713
324561145712547146711647132
324561145712547146711647136
3245611457125471467116471361
32456114571254714671164713616
324561145712547146711647136164
3245611457125471467116471361645
3245611457125471467116471365
32456114571254714671165
324561145712547146711654
3245611457125471467116541
32456114571254714671165411
324561145712547146711654112
324561145712547146711654116
3245611457125471467116541161
32456114571254714671165411616
324561145712547146711654116164
3245611457125471467116541161645
3245611457125471467116541165
324561145712547146711654117
3245611457125471467116541175
32456114571254714671165416
324561145712547146711654161
3245611457125471467116541611
32456114571254714671165416116
324561145712547146711654161164
3245611457125471467116541611645
3245611457125471467116541612
32456114571254714671165416122
32456114571254714671165416127
324561145712547146711654161275
32456114571254714671165417
324561145712547146711654171
3245611457125471467116541713
32456114571254714671165417132
32456114571254714671165417136
324561145712547146711654171361
3245611457125471467116541713616
32456114571254714671165417136164
324561145712547146711654171361645
324561145712547146711654171365
324561145712547146716
3245611457125471467161
32456114571254714671612
32456114571254714671614
324561145712547146716141
3245611457125471467161412
3245611457125471467161416
32456114571254714671614161
324561145712547146716141616
3245611457125471467161416164
32456114571254714671614161645
32456114571254714671614165
3245611457125471467161417
32456114571254714671614175
324561145712547146716145
324561145712547146716146
3245611457125471467161461
32456114571254714671614611
324561145712547146716146116
3245611457125471467161461164
32456114571254714671614611645
32456114571254714671614612
324561145712547146716146122
324561145712547146716146127
3245611457125471467161461275
324561145712547146716147
3245611457125471467161471
32456114571254714671614713
324561145712547146716147132
324561145712547146716147136
3245611457125471467161471361
32456114571254714671614713616
324561145712547146716147136164
3245611457125471467161471361645
3245611457125471467161471365
3245611457125471467164
32456114571254714671641
324561145712547146716411
3245611457125471467164112
3245611457125471467164116
32456114571254714671641161
324561145712547146716411616
3245611457125471467164116164
32456114571254714671641161645
32456114571254714671641165
3245611457125471467164117
32456114571254714671641175
324561145712547146716416
3245611457125471467164161
32456114571254714671641611
324561145712547146716416116
3245611457125471467164161164
32456114571254714671641611645
32456114571254714671641612
324561145712547146716416122
324561145712547146716416127
3245611457125471467164161275
324561145712547146716417
3245611457125471467164171
32456114571254714671641713
324561145712547146716417132
324561145712547146716417136
3245611457125471467164171361
32456114571254714671641713616
324561145712547146716417136164
3245611457125471467164171361645
3245611457125471467164171365
324561145712547146716418
3245611457125471467164182
324561145712547146717
3245611457125471467172
32456114571254714671725
324561145712547146717252
3245611457125471467172522
3245611457125471467172525
32456114571254714671725255
324561145712547146717252558
3245611457125471467172525581
32456114571254714671725255812
32456114571254714671725256
32456114571254714671725257
324561145712547146717252571
32456114571254714671725258
324561145712547146717252582
324561145712547146717252585
3245611457125471467172525854
3245611457125471467172527
32456114571254714671725275
324561145712547146717252753
3245611457125471467172527535
32456114571254714671725275358
324561145712547146717252753581
3245611457125471467172527535812
3245611457125471467172527536
3245611457125471467172527538
32456114571254714671725275382
32456114571254714671725275385
324561145712547146717252753854
324561145712547146717255
3245611457125471467172552
32456114571254714671725521
324561145712547146717255212
324561145712547146717255217
3245611457125471467172552175
32456114571254714671725525
324561145712547146717255258
3245611457125471467172552581
32456114571254714671725525812
32456114571254714671725527
324561145712547146717255271
3245611457125471467172552713
32456114571254714671725527132
32456114571254714671725528
324561145712547146717255282
324561145712547146717255285
3245611457125471467172552854
3245611457125471467174
32456114571254714671745
324561145712547146718
3245611457125471467183
32456114571254714671832
32456114571254714671835
324561145712547146718355
3245611457125471467183558
32456114571254714671835581
324561145712547146718355812
324561145712547146718356
3245611457125471467183561
32456114571254714671835611
324561145712547146718356116
3245611457125471467183561164
32456114571254714671835611645
324561145712547146718357
324561145712547146718358
3245611457125471467183582
3245611457125471467183585
32456114571254714671835854
32456114571254714671836
324561145712547146718361
3245611457125471467183616
32456114571254714671836164
324561145712547146718361645
324561145712547146718365
3245611457125471467183652
32456114571254714671836525
324561145712547146718365258
3245611457125471467183652581
32456114571254714671836525812
32456114571254714671836527
32456114571254714671836528
324561145712547146718365282
324561145712547146718365285
3245611457125471467183652854
3245611457125471467185
32456114571254714671853
324561145712547146718531
3245611457125471467185312
3245611457125471467185316
32456114571254714671853161
324561145712547146718531616
3245611457125471467185316164
32456114571254714671853161645
32456114571254714671853165
324561145712547146718535
3245611457125471467185358
32456114571254714671853581
324561145712547146718535812
324561145712547146718536
3245611457125471467185361
32456114571254714671853611
324561145712547146718536116
3245611457125471467185361164
32456114571254714671853611645
32456114571254714671853612
324561145712547146718536122
324561145712547146718538
3245611457125471467185382
3245611457125471467185385
32456114571254714671853854
32456114571254714678
324561145712547146781
3245611457125471467813
32456114571254714678132
32456114571254714678135
324561145712547146781355
3245611457125471467813558
32456114571254714678135581
324561145712547146781355812
3245611457125471467813558125
32456114571254714678135581257
324561145712547146781355812572
3245611457125471467813558125725
32456114571254714678135581257255
324561145712547146781355812574
3245611457125471467813558125745
32456114571254714678135582
324561145712547146781355821
3245611457125471467813558216
324561145712547146781355827
3245611457125471467813558272
32456114571254714678135582725
324561145712547146781355827255
3245611457125471467813558274
32456114571254714678135582745
324561145712547146781356
3245611457125471467813561
32456114571254714678135611
324561145712547146781356116
3245611457125471467813561163
32456114571254714678135611631
324561145712547146781356116316
3245611457125471467813561163165
32456114571254714678135611631654
32456114571254714678135611636
324561145712547146781356116361
3245611457125471467813561163612
324561145712547146781356116364
3245611457125471467813561164
32456114571254714678135611645
324561145712547146781358
3245611457125471467813582
32456114571254714678135825
324561145712547146781358256
3245611457125471467813582564
324561145712547146781358257
3245611457125471467813582572
32456114571254714678135825725
324561145712547146781358257255
3245611457125471467813582574
32456114571254714678135825745
3245611457125471467813585
32456114571254714678135852
324561145712547146781358521
324561145712547146781358527
3245611457125471467813585272
32456114571254714678135852725
324561145712547146781358527255
3245611457125471467813585274
32456114571254714678135852745
32456114571254714678135854
32456114571254714678136
324561145712547146781361
3245611457125471467813616
32456114571254714678136163
324561145712547146781361631
3245611457125471467813616316
32456114571254714678136163164
324561145712547146781361631645
3245611457125471467813616316458
324561145712547146781361631646
32456114571254714678136163165
324561145712547146781361631654
3245611457125471467813616316541
32456114571254714678136163165416
324561145712547146781361636
3245611457125471467813616361
32456114571254714678136163612
32456114571254714678136163614
324561145712547146781361636145
324561145712547146781361636146
3245611457125471467813616364
32456114571254714678136163641
324561145712547146781361636416
324561145712547146781361636418
3245611457125471467813616364182
32456114571254714678136164
324561145712547146781361645
324561145712547146781365
3245611457125471467813652
32456114571254714678136525
324561145712547146781365258
3245611457125471467813652581
32456114571254714678136525812
324561145712547146781365258125
3245611457125471467813652581257
32456114571254714678136525812572
32456114571254714678136525812574
324561145712547146781365258125745
3245611457125471467813652582
32456114571254714678136525821
324561145712547146781365258216
32456114571254714678136525827
324561145712547146781365258272
324561145712547146781365258274
3245611457125471467813652582745
32456114571254714678136528
324561145712547146781365282
3245611457125471467813652825
32456114571254714678136528256
324561145712547146781365282564
32456114571254714678136528257
324561145712547146781365282572
324561145712547146781365282574
3245611457125471467813652825745
324561145712547146781365285
3245611457125471467813652852
32456114571254714678136528521
32456114571254714678136528527
324561145712547146781365285272
324561145712547146781365285274
3245611457125471467813652852745
3245611457125471467813652854
3245611457125471467814
32456114571254714678141
324561145712547146781416
3245611457125471467814164
32456114571254714678141641
324561145712547146781416412
324561145712547146781416416
3245611457125471467814164161
32456114571254714678141641616
324561145712547146781416416164
3245611457125471467814164161645
3245611457125471467814164165
32456114571254714678141645
324561145712547146781416458
32456114571254714678141646
324561145712547146781416461
3245611457125471467814164611
32456114571254714678141646116
324561145712547146781416461164
3245611457125471467814164611645
3245611457125471467814164612
32456114571254714678141646122
3245611457125471467814165
32456114571254714678141654
324561145712547146781416541
3245611457125471467814165411
32456114571254714678141654112
32456114571254714678141654116
324561145712547146781416541161
3245611457125471467814165411616
32456114571254714678141654116164
324561145712547146781416541161645
324561145712547146781416541165
3245611457125471467814165416
32456114571254714678141654161
324561145712547146781416541611
3245611457125471467814165416116
32456114571254714678141654161164
324561145712547146781416541611645
324561145712547146781416541612
3245611457125471467814165416122
32456114571254714678146
324561145712547146781461
3245611457125471467814612
3245611457125471467814614
32456114571254714678146141
324561145712547146781461412
324561145712547146781461416
3245611457125471467814614161
32456114571254714678146141616
324561145712547146781461416164
3245611457125471467814614161645
3245611457125471467814614165
32456114571254714678146145
32456114571254714678146146
324561145712547146781461461
3245611457125471467814614611
32456114571254714678146146116
324561145712547146781461461164
3245611457125471467814614611645
3245611457125471467814614612
32456114571254714678146146122
324561145712547146781464
3245611457125471467814641
32456114571254714678146411
324561145712547146781464112
324561145712547146781464116
3245611457125471467814641161
32456114571254714678146411616
324561145712547146781464116164
3245611457125471467814641161645
3245611457125471467814641165
32456114571254714678146416
324561145712547146781464161
3245611457125471467814641611
32456114571254714678146416116
324561145712547146781464161164
3245611457125471467814641611645
3245611457125471467814641612
32456114571254714678146416122
32456114571254714678146418
324561145712547146781464182
32456114571254714678147
324561145712547146781472
3245611457125471467814725
32456114571254714678147252
324561145712547146781472522
324561145712547146781472525
3245611457125471467814725255
32456114571254714678147252558
324561145712547146781472525581
3245611457125471467814725255812
3245611457125471467814725256
3245611457125471467814725258
32456114571254714678147252582
32456114571254714678147252585
324561145712547146781472525854
32456114571254714678147255
324561145712547146781472552
3245611457125471467814725521
32456114571254714678147255212
3245611457125471467814725525
32456114571254714678147255258
324561145712547146781472552581
3245611457125471467814725525812
3245611457125471467814725528
32456114571254714678147255282
32456114571254714678147255285
324561145712547146781472552854
324561145712547146781474
3245611457125471467814745
324561145712547146783
3245611457125471467831
32456114571254714678312
32456114571254714678316
324561145712547146783161
3245611457125471467831616
32456114571254714678316163
324561145712547146783161631
3245611457125471467831616316
32456114571254714678316163165
324561145712547146783161631654
324561145712547146783161636
3245611457125471467831616361
32456114571254714678316163612
3245611457125471467831616364
324561145712547146783161638
32456114571254714678316164
324561145712547146783161645
324561145712547146783165
32456114571254714678317
324561145712547146783174
3245611457125471467831741
32456114571254714678317416
324561145712547146783174165
3245611457125471467831741654
3245611457125471467831746
32456114571254714678317461
324561145712547146783174612
32456114571254714678317464
3245611457125471467831747
32456114571254714678317472
324561145712547146783174725
3245611457125471467831747255
32456114571254714678317474
324561145712547146783174745
3245611457125471467835
32456114571254714678358
324561145712547146783581
3245611457125471467835812
32456114571254714678358125
324561145712547146783581257
3245611457125471467835812572
32456114571254714678358125725
324561145712547146783581257252
3245611457125471467835812572522
3245611457125471467835812572527
324561145712547146783581257255
3245611457125471467835812574
32456114571254714678358125745
324561145712547146783581258
3245611457125471467835812583
32456114571254714678358125832
32456114571254714678358125836
324561145712547146783581258361
3245611457125471467835812583616
32456114571254714678358125836164
324561145712547146783581258361645
324561145712547146783581258365
324561145712547146783582
3245611457125471467835821
32456114571254714678358216
3245611457125471467835827
32456114571254714678358272
324561145712547146783582725
3245611457125471467835827252
32456114571254714678358272522
32456114571254714678358272527
3245611457125471467835827255
32456114571254714678358274
324561145712547146783582745
3245611457125471467835828
32456114571254714678358283
324561145712547146783582832
324561145712547146783582836
3245611457125471467835828361
32456114571254714678358283616
324561145712547146783582836164
3245611457125471467835828361645
3245611457125471467835828365
3245611457125471467836
32456114571254714678361
324561145712547146783611
3245611457125471467836116
32456114571254714678361163
324561145712547146783611631
3245611457125471467836116316
32456114571254714678361163165
324561145712547146783611631654
324561145712547146783611636
3245611457125471467836116361
32456114571254714678361163612
3245611457125471467836116364
324561145712547146783611638
3245611457125471467836116383
32456114571254714678361163832
32456114571254714678361164
324561145712547146783611645
324561145712547146783612
3245611457125471467836122
3245611457125471467836127
32456114571254714678361274
324561145712547146783612741
3245611457125471467836127416
32456114571254714678361274165
324561145712547146783612741654
324561145712547146783612746
3245611457125471467836127461
32456114571254714678361274612
3245611457125471467836127464
324561145712547146783612747
3245611457125471467836127472
3245611457125471467836127474
32456114571254714678361274745
3245611457125471467838
32456114571254714678382
324561145712547146783825
3245611457125471467838256
32456114571254714678382564
3245611457125471467838257
32456114571254714678382572
324561145712547146783825725
3245611457125471467838257252
32456114571254714678382572522
32456114571254714678382572527
3245611457125471467838257255
32456114571254714678382574
324561145712547146783825745
3245611457125471467838258
32456114571254714678382583
324561145712547146783825832
324561145712547146783825836
3245611457125471467838258361
32456114571254714678382583616
324561145712547146783825836164
3245611457125471467838258361645
3245611457125471467838258365
32456114571254714678385
324561145712547146783852
3245611457125471467838521
3245611457125471467838527
32456114571254714678385272
324561145712547146783852725
3245611457125471467838527252
32456114571254714678385272522
32456114571254714678385272527
3245611457125471467838527255
32456114571254714678385274
324561145712547146783852745
3245611457125471467838528
32456114571254714678385283
324561145712547146783852832
324561145712547146783852836
3245611457125471467838528361
32456114571254714678385283616
324561145712547146783852836164
3245611457125471467838528361645
3245611457125471467838528365
324561145712547146783854
3245611457125471468
32456114571254714681
324561145712547146812
324561145712547146816
3245611457125471468161
32456114571254714681616
324561145712547146816163
3245611457125471468161631
32456114571254714681616316
324561145712547146816163165
3245611457125471468161631654
3245611457125471468161635
32456114571254714681616358
324561145712547146816163581
3245611457125471468161636
32456114571254714681616361
324561145712547146816163612
32456114571254714681616364
3245611457125471468161638
32456114571254714681616385
324561145712547146816163854
324561145712547146816164
3245611457125471468161645
3245611457125471468165
324561145712547146817
3245611457125471468174
32456114571254714681741
324561145712547146817416
3245611457125471468174165
32456114571254714681741654
32456114571254714681745
324561145712547146817458
32456114571254714681746
324561145712547146817461
3245611457125471468174612
324561145712547146817464
32456114571254714681747
324561145712547146817472
3245611457125471468174725
32456114571254714681747255
324561145712547146817474
3245611457125471468174745
3245611457125471468175
32456114571254714681754
324561145712547146817541
3245611457125471468175411
32456114571254714681754116
324561145712547146817541165
3245611457125471468175411654
3245611457125471468175416
